last_saved_epoch=200
train_loss=471.44148218631744
validation_loss=65.28004765510559
best_loss_epoch=200
best_loss=64.80780577659607
